[19:12:40] [Server thread/INFO] [STDOUT]: [net.minecraft.world.gen.layer.GenLayer:name:252]: GenLayerIsland(-4, -3) 9x9
0 0 0 0 0 0 0 0 0 
0 0 0 0 0 0 0 0 0 
1 0 0 0 1 0 0 0 0 
0 0 0 0 0 0 0 0 0 
0 0 0 1 0 0 0 0 0 
0 0 1 0 0 0 1 0 0 
0 1 0 0 0 0 0 0 1 
0 0 0 0 0 0 0 0 0 
0 0 0 0 0 0 0 0 0 
[19:12:40] [Server thread/INFO] [STDOUT]: [net.minecraft.world.gen.layer.GenLayer:name:252]: GenLayerFuzzyZoom(-7, -6) 14x14
0 0 0 0 0 0 0 0 0 0 0 0 0 0 
0 1 0 0 0 0 0 1 1 0 0 0 0 0 
1 0 0 0 0 0 0 1 1 1 0 0 0 0 
0 1 0 0 0 0 0 0 0 1 0 0 0 0 
0 0 0 0 0 0 0 0 0 0 0 0 0 0 
0 0 0 0 0 1 1 0 0 0 0 0 0 0 
0 0 0 0 0 1 1 1 0 0 0 0 0 0 
0 0 0 0 1 0 1 1 0 0 0 0 1 0 
0 0 0 1 1 1 0 0 0 0 0 0 1 1 
0 1 1 1 1 0 0 0 0 0 0 0 1 1 
0 0 1 0 0 0 0 0 0 0 0 0 0 0 
0 0 1 0 0 0 0 0 0 0 0 0 0 0 
0 0 0 0 0 0 0 0 0 0 0 0 0 0 
0 0 0 0 0 0 0 0 0 0 0 0 0 0 
[19:12:40] [Server thread/INFO] [STDOUT]: [net.minecraft.world.gen.layer.GenLayer:name:252]: GenLayerAddIsland(-6, -5) 12x12
1 0 0 0 0 1 1 1 0 0 0 0 
0 0 0 0 0 1 1 1 1 1 0 0 
1 0 0 0 0 1 0 0 1 0 0 0 
0 0 0 0 1 0 1 0 0 1 0 0 
0 0 0 1 1 1 0 0 0 0 0 0 
0 0 0 1 0 1 1 1 0 0 0 0 
0 0 1 1 1 1 1 0 0 0 0 1 
0 0 1 0 1 0 0 1 0 0 1 0 
1 1 1 1 0 1 0 0 0 0 1 1 
1 1 0 0 0 0 0 0 0 0 0 1 
0 1 1 0 0 0 0 0 0 0 0 0 
0 0 1 0 0 0 0 0 0 0 0 0 
[19:12:40] [Server thread/INFO] [STDOUT]: [net.minecraft.world.gen.layer.GenLayer:name:252]: GenLayerZoom(-11, -10) 21x21
0 0 0 0 0 0 0 0 0 1 1 1 1 1 1 1 0 0 1 0 0 
0 0 0 0 0 0 0 0 0 1 1 1 1 1 1 1 1 1 1 1 0 
0 0 0 0 0 0 0 0 0 0 1 1 1 1 0 1 1 1 1 0 0 
1 0 0 0 0 0 0 0 0 0 1 1 0 0 0 0 1 0 0 0 0 
1 0 0 0 0 0 0 0 0 0 1 1 0 0 0 0 1 1 1 0 0 
0 0 0 0 0 0 0 0 1 1 0 0 1 1 0 0 0 0 1 1 0 
0 0 0 0 0 0 1 1 1 1 0 0 0 0 0 0 0 0 1 0 0 
0 0 0 0 0 0 1 1 1 1 1 1 0 0 0 0 0 0 0 0 0 
0 0 0 0 0 1 1 1 1 1 1 1 1 1 1 0 0 0 0 0 0 
0 0 0 0 0 0 1 0 0 0 1 1 1 1 1 0 0 0 0 0 0 
0 0 0 0 0 1 1 1 1 1 1 1 1 1 0 0 0 0 0 0 0 
0 0 0 1 1 1 1 1 1 1 1 1 1 1 0 0 0 0 0 0 0 
0 0 0 1 1 1 1 1 1 1 1 0 1 0 0 0 0 0 0 0 1 
0 0 0 0 1 0 0 0 1 0 0 0 0 1 1 0 0 0 0 0 1 
0 0 1 1 1 1 0 1 1 1 1 0 0 0 1 0 0 0 0 0 1 
1 1 1 1 1 1 1 0 0 1 1 1 0 0 0 0 0 0 0 0 1 
1 1 1 1 0 0 0 0 0 0 1 0 0 0 0 0 0 0 0 0 0 
1 1 1 1 0 0 0 0 0 0 0 0 0 0 0 0 0 0 0 0 0 
0 1 1 1 0 0 0 0 0 0 0 0 0 0 0 0 0 0 0 0 0 
0 1 1 1 1 0 0 0 0 0 0 0 0 0 0 0 0 0 0 0 0 
0 0 0 1 1 0 0 0 0 0 0 0 0 0 0 0 0 0 0 0 0 
[19:12:40] [Server thread/INFO] [STDOUT]: [net.minecraft.world.gen.layer.GenLayer:name:252]: GenLayerAddIsland(-10, -9) 19x19
0 0 0 0 0 0 0 0 1 1 1 1 1 1 1 1 1 1 0 
0 0 0 0 0 0 0 1 0 1 1 1 1 0 0 1 0 1 0 
1 0 0 0 0 0 0 0 0 1 1 1 1 0 1 0 0 0 0 
1 0 0 0 0 0 1 1 1 1 0 1 1 0 1 0 1 1 0 
1 0 0 0 1 1 0 0 0 0 0 1 1 0 0 0 0 0 1 
0 0 0 0 0 0 1 1 1 1 0 1 0 0 0 0 0 1 0 
0 0 0 0 1 1 1 1 1 1 1 0 0 0 1 0 0 0 0 
0 0 0 0 1 0 1 1 1 1 1 1 1 1 1 0 0 0 0 
0 0 0 0 0 1 0 1 1 1 1 1 1 1 0 0 0 0 0 
0 1 0 1 1 0 1 1 1 1 1 1 1 1 0 0 0 0 0 
0 0 1 1 0 1 1 1 1 1 1 1 1 1 0 0 0 0 0 
0 0 1 1 1 1 1 1 1 1 1 1 1 0 1 0 0 0 1 
0 0 0 1 1 0 0 1 0 1 0 0 1 1 0 0 0 0 0 
0 1 1 0 0 0 1 1 1 0 0 0 0 1 0 0 0 0 1 
1 1 1 1 1 1 0 0 1 1 1 0 0 0 0 0 0 0 0 
1 1 1 1 0 0 0 0 1 0 0 0 0 0 0 0 0 0 1 
0 1 0 0 0 0 0 0 1 0 0 0 0 0 0 0 0 0 0 
1 1 1 1 1 0 0 0 0 0 0 0 0 0 0 0 0 0 0 
1 1 1 1 1 0 0 0 0 0 0 0 0 0 0 0 0 0 0 
[19:12:40] [Server thread/INFO] [STDOUT]: [net.minecraft.world.gen.layer.GenLayer:name:252]: GenLayerAddIsland(-9, -8) 17x17
0 0 0 0 0 0 1 0 1 1 1 1 0 0 1 1 1 
0 0 0 0 0 0 1 0 1 1 1 0 1 1 1 0 0 
0 0 1 1 0 1 1 1 1 1 1 0 0 1 1 1 1 
0 0 0 1 1 0 0 0 1 1 0 0 0 0 0 0 0 
0 0 0 1 0 1 1 1 1 0 1 0 1 0 1 0 0 
0 0 0 0 1 1 1 1 1 1 0 0 0 0 0 0 0 
0 0 0 1 0 1 0 1 1 1 0 1 0 1 1 0 0 
0 0 0 0 1 1 1 1 1 1 1 1 1 1 1 0 0 
1 0 1 0 0 1 1 1 1 1 1 1 1 0 0 0 0 
0 1 1 1 1 0 1 1 1 1 1 1 1 0 1 0 0 
1 0 1 1 0 0 1 1 1 0 1 1 0 1 0 0 0 
0 0 1 0 0 0 1 1 1 1 0 1 0 0 0 0 0 
1 1 0 0 0 1 1 1 0 0 1 1 1 0 0 0 0 
0 1 1 1 1 1 1 1 1 1 0 1 0 1 0 0 0 
1 1 1 0 0 0 1 1 1 0 0 0 0 0 0 0 0 
1 1 0 0 0 0 1 1 0 0 0 0 0 0 0 0 0 
1 1 1 1 1 0 1 0 0 0 0 0 0 0 0 0 0 
[19:12:40] [Server thread/INFO] [STDOUT]: [net.minecraft.world.gen.layer.GenLayer:name:252]: GenLayerAddIsland(-8, -7) 15x15
0 0 0 0 0 1 1 0 1 0 1 1 0 0 1 
0 1 0 0 1 1 1 1 1 0 0 0 0 1 1 
1 0 1 1 1 1 0 1 1 0 1 0 0 1 0 
0 1 1 1 1 1 1 1 1 1 0 1 0 1 0 
0 0 0 1 1 1 1 0 1 0 1 0 0 0 0 
0 0 1 0 1 1 1 1 1 0 0 1 1 1 1 
0 1 0 1 0 1 1 1 1 1 1 0 1 1 0 
0 1 1 0 1 1 1 1 1 1 1 0 1 0 0 
1 0 1 1 0 1 1 1 1 1 1 1 0 1 0 
0 1 1 0 1 1 1 1 0 1 1 1 1 0 1 
0 1 0 0 0 1 0 1 1 1 1 0 0 0 0 
0 0 1 1 1 1 1 0 0 1 1 1 0 0 0 
1 1 1 1 1 1 1 1 0 1 0 0 1 0 0 
1 1 1 0 0 1 1 1 0 0 0 0 0 1 0 
1 1 0 1 0 1 1 0 1 0 0 0 0 0 0 
[19:12:40] [Server thread/INFO] [STDOUT]: [net.minecraft.world.gen.layer.GenLayer:name:252]: GenLayerRemoveTooMuchOcean(-7, -6) 13x13
1 0 0 1 1 1 1 1 0 0 0 0 1 
0 1 1 1 1 0 1 1 0 1 0 0 1 
1 1 1 1 1 1 1 1 1 0 1 0 1 
0 0 1 1 1 1 0 1 0 1 0 0 0 
0 1 0 1 1 1 1 1 0 0 1 1 1 
1 0 1 0 1 1 1 1 1 1 0 1 1 
1 1 0 1 1 1 1 1 1 1 0 1 0 
0 1 1 0 1 1 1 1 1 1 1 0 1 
1 1 0 1 1 1 1 0 1 1 1 1 0 
1 0 0 0 1 0 1 1 1 1 0 0 1 
0 1 1 1 1 1 0 0 1 1 1 0 0 
1 1 1 1 1 1 1 0 1 0 0 1 0 
1 1 0 0 1 1 1 0 0 0 0 0 1 
[19:12:40] [Server thread/INFO] [STDOUT]: [net.minecraft.world.gen.layer.GenLayer:name:252]: GenLayerAddSnow(-6, -5) 11x11
1 1 3 1 0 4 1 0 1 0 0 
1 1 4 1 1 1 1 1 0 1 0 
0 1 1 1 1 0 1 0 1 0 0 
1 0 4 1 1 1 1 0 0 4 1 
0 1 0 1 3 4 1 1 4 0 1 
3 0 1 3 1 3 4 3 1 0 1 
1 1 0 1 1 1 1 4 1 1 0 
1 0 1 1 3 3 0 1 1 1 1 
0 0 0 1 0 1 1 1 1 0 0 
3 1 1 1 1 0 0 1 4 1 0 
1 1 1 1 1 4 0 1 0 0 3 
[19:12:40] [Server thread/INFO] [STDOUT]: [net.minecraft.world.gen.layer.GenLayer:name:252]: GenLayerAddIsland(-5, -4) 9x9
1 4 1 1 1 1 1 0 1 
1 1 1 1 0 1 0 1 0 
1 4 0 1 1 1 4 0 4 
1 0 1 3 4 1 0 4 0 
0 1 3 1 3 4 3 1 0 
1 0 1 1 1 1 4 1 1 
0 0 1 3 3 4 1 0 0 
0 0 1 0 1 1 0 1 0 
1 1 1 1 1 0 1 4 1 
[19:12:40] [Server thread/INFO] [STDOUT]: [net.minecraft.world.gen.layer.GenLayer:name:252]: GenLayerEdge.COOL_WARM(-4, -3) 7x7
2 1 1 0 1 0 1 
4 0 2 2 2 4 0 
0 2 3 4 2 0 4 
2 3 2 3 4 3 2 
0 2 2 2 2 4 2 
0 2 3 3 4 2 0 
0 1 0 2 2 0 2 
[19:12:40] [Server thread/INFO] [STDOUT]: [net.minecraft.world.gen.layer.GenLayer:name:252]: GenLayerEdge.HEAT_ICE(-3, -2) 5x5
0 2 2 2 3 
2 3 3 2 0 
3 2 3 3 3 
2 2 2 2 3 
2 3 3 3 2 
[19:12:40] [Server thread/INFO] [STDOUT]: [net.minecraft.world.gen.layer.GenLayer:name:252]: GenLayerEdge.SPECIAL(-3, -2) 5x5
0 2 2 2 3 
2 3 3 2 0 
3 2 3 3 3 
2 2 2 2 3 
2 3331 3 3 2 
[19:12:40] [Server thread/INFO] [STDOUT]: [net.minecraft.world.gen.layer.GenLayer:name:252]: GenLayerZoom(-5, -4) 7x7
2 2 2 3 2 2 2 
2 2 3 3 3 3 2 
3 3 2 3 3 3 2 
3 3 2 3 3 3 3 
2 2 2 2 3 2 2 
2 2 2 2 2 2 2 
2 2 2 2 2 3 2 
[19:12:40] [Server thread/INFO] [STDOUT]: [net.minecraft.world.gen.layer.GenLayer:name:252]: GenLayerZoom(-9, -7) 11x11
2 2 2 3 3 3 3 3 3 3 2 
2 2 2 3 3 3 3 3 3 3 3 
2 3 3 3 3 3 3 3 3 3 3 
3 3 3 2 2 3 3 3 3 3 3 
3 3 3 2 2 3 3 3 3 3 3 
3 3 2 2 3 3 3 3 3 3 3 
2 3 2 2 2 3 3 3 3 2 3 
2 2 2 2 2 2 2 3 3 2 2 
2 2 2 2 2 2 2 2 2 2 2 
2 2 2 2 2 2 2 2 2 2 2 
2 2 2 2 2 2 2 2 2 2 2 
[19:12:40] [Server thread/INFO] [STDOUT]: [net.minecraft.world.gen.layer.GenLayer:name:252]: GenLayerAddIsland(-8, -6) 9x9
2 2 3 3 3 3 3 3 3 
3 3 3 3 3 3 3 3 3 
3 3 2 2 3 3 3 3 3 
3 3 2 2 3 3 3 3 3 
3 2 2 3 3 3 3 3 3 
3 2 2 2 3 3 3 3 2 
2 2 2 2 2 2 3 3 2 
2 2 2 2 2 2 2 2 2 
2 2 2 2 2 2 2 2 2 
[19:12:40] [Server thread/INFO] [STDOUT]: [net.minecraft.world.gen.layer.GenLayer:name:252]: GenLayerAddMushroomIsland(-7, -5) 7x7
3 3 3 3 3 3 3 
3 2 2 3 3 3 3 
3 2 2 3 3 3 3 
2 2 3 3 3 3 3 
2 2 2 3 3 3 3 
2 2 2 2 2 3 3 
2 2 2 2 2 2 2 
[19:12:40] [Server thread/INFO] [STDOUT]: [net.minecraft.world.gen.layer.GenLayer:name:252]: GenLayerDeepOcean(-6, -4) 5x5
2 2 3 3 3 
2 2 3 3 3 
2 3 3 3 3 
2 2 3 3 3 
2 2 2 2 3 
[19:12:40] [Server thread/INFO] [STDOUT]: [net.minecraft.world.gen.layer.GenLayer:name:252]: GenLayerBiome(-6, -4) 5x5
29 27 5 3 1 
27 4 3 1 4 
3 4 1 5 5 
27 1 5 4 5 
27 3 27 27 4 
[19:12:40] [Server thread/INFO] [STDOUT]: [net.minecraft.world.gen.layer.GenLayer:name:252]: GenLayerZoom(-11, -8) 7x7
29 27 4 3 3 3 1 
27 27 4 4 3 1 1 
3 4 4 4 1 1 5 
3 4 4 4 1 5 5 
27 3 4 1 1 5 5 
27 1 1 5 5 5 4 
27 27 1 3 27 27 27 
[19:12:40] [Server thread/INFO] [STDOUT]: [net.minecraft.world.gen.layer.GenLayer:name:252]: GenLayerZoom(-22, -16) 11x11
27 27 27 4 4 4 4 3 3 3 1 
27 27 27 4 4 4 4 4 1 1 1 
3 4 4 4 4 4 4 1 1 1 1 
3 3 4 4 4 4 4 4 1 1 1 
3 3 4 4 4 4 4 4 1 1 5 
27 3 3 4 4 4 1 1 1 5 5 
27 3 3 4 4 1 1 1 1 5 5 
27 27 3 1 4 1 1 5 1 5 5 
27 27 1 1 1 5 5 5 5 5 5 
27 27 27 1 1 1 3 5 5 27 27 
27 27 27 1 1 1 3 27 27 27 27 
[19:12:40] [Server thread/INFO] [STDOUT]: [net.minecraft.world.gen.layer.GenLayer:name:252]: GenLayerBiomeEdge(-21, -15) 9x9
27 27 4 4 4 4 4 1 1 
4 4 4 4 4 4 1 1 1 
3 4 4 4 4 4 4 1 1 
3 4 4 4 4 4 4 1 1 
3 3 4 4 4 1 1 1 5 
3 3 4 4 1 1 1 1 5 
27 3 1 4 1 1 5 1 5 
27 1 1 1 5 5 5 5 5 
27 27 1 1 1 3 5 5 27 
[19:12:40] [Server thread/INFO] [STDOUT]: [net.minecraft.world.gen.layer.GenLayer:name:252]: GenLayerIsland(-4, -3) 9x9
0 0 0 0 0 0 0 0 0 
0 0 0 0 0 0 0 0 0 
1 0 0 0 1 0 0 0 0 
0 0 0 0 0 0 0 0 0 
0 0 0 1 0 0 0 0 0 
0 0 1 0 0 0 1 0 0 
0 1 0 0 0 0 0 0 1 
0 0 0 0 0 0 0 0 0 
0 0 0 0 0 0 0 0 0 
[19:12:40] [Server thread/INFO] [STDOUT]: [net.minecraft.world.gen.layer.GenLayer:name:252]: GenLayerFuzzyZoom(-7, -6) 14x14
0 0 0 0 0 0 0 0 0 0 0 0 0 0 
0 1 0 0 0 0 0 1 1 0 0 0 0 0 
1 0 0 0 0 0 0 1 1 1 0 0 0 0 
0 1 0 0 0 0 0 0 0 1 0 0 0 0 
0 0 0 0 0 0 0 0 0 0 0 0 0 0 
0 0 0 0 0 1 1 0 0 0 0 0 0 0 
0 0 0 0 0 1 1 1 0 0 0 0 0 0 
0 0 0 0 1 0 1 1 0 0 0 0 1 0 
0 0 0 1 1 1 0 0 0 0 0 0 1 1 
0 1 1 1 1 0 0 0 0 0 0 0 1 1 
0 0 1 0 0 0 0 0 0 0 0 0 0 0 
0 0 1 0 0 0 0 0 0 0 0 0 0 0 
0 0 0 0 0 0 0 0 0 0 0 0 0 0 
0 0 0 0 0 0 0 0 0 0 0 0 0 0 
[19:12:40] [Server thread/INFO] [STDOUT]: [net.minecraft.world.gen.layer.GenLayer:name:252]: GenLayerAddIsland(-6, -5) 12x12
1 0 0 0 0 1 1 1 0 0 0 0 
0 0 0 0 0 1 1 1 1 1 0 0 
1 0 0 0 0 1 0 0 1 0 0 0 
0 0 0 0 1 0 1 0 0 1 0 0 
0 0 0 1 1 1 0 0 0 0 0 0 
0 0 0 1 0 1 1 1 0 0 0 0 
0 0 1 1 1 1 1 0 0 0 0 1 
0 0 1 0 1 0 0 1 0 0 1 0 
1 1 1 1 0 1 0 0 0 0 1 1 
1 1 0 0 0 0 0 0 0 0 0 1 
0 1 1 0 0 0 0 0 0 0 0 0 
0 0 1 0 0 0 0 0 0 0 0 0 
[19:12:40] [Server thread/INFO] [STDOUT]: [net.minecraft.world.gen.layer.GenLayer:name:252]: GenLayerZoom(-11, -10) 21x21
0 0 0 0 0 0 0 0 0 1 1 1 1 1 1 1 0 0 1 0 0 
0 0 0 0 0 0 0 0 0 1 1 1 1 1 1 1 1 1 1 1 0 
0 0 0 0 0 0 0 0 0 0 1 1 1 1 0 1 1 1 1 0 0 
1 0 0 0 0 0 0 0 0 0 1 1 0 0 0 0 1 0 0 0 0 
1 0 0 0 0 0 0 0 0 0 1 1 0 0 0 0 1 1 1 0 0 
0 0 0 0 0 0 0 0 1 1 0 0 1 1 0 0 0 0 1 1 0 
0 0 0 0 0 0 1 1 1 1 0 0 0 0 0 0 0 0 1 0 0 
0 0 0 0 0 0 1 1 1 1 1 1 0 0 0 0 0 0 0 0 0 
0 0 0 0 0 1 1 1 1 1 1 1 1 1 1 0 0 0 0 0 0 
0 0 0 0 0 0 1 0 0 0 1 1 1 1 1 0 0 0 0 0 0 
0 0 0 0 0 1 1 1 1 1 1 1 1 1 0 0 0 0 0 0 0 
0 0 0 1 1 1 1 1 1 1 1 1 1 1 0 0 0 0 0 0 0 
0 0 0 1 1 1 1 1 1 1 1 0 1 0 0 0 0 0 0 0 1 
0 0 0 0 1 0 0 0 1 0 0 0 0 1 1 0 0 0 0 0 1 
0 0 1 1 1 1 0 1 1 1 1 0 0 0 1 0 0 0 0 0 1 
1 1 1 1 1 1 1 0 0 1 1 1 0 0 0 0 0 0 0 0 1 
1 1 1 1 0 0 0 0 0 0 1 0 0 0 0 0 0 0 0 0 0 
1 1 1 1 0 0 0 0 0 0 0 0 0 0 0 0 0 0 0 0 0 
0 1 1 1 0 0 0 0 0 0 0 0 0 0 0 0 0 0 0 0 0 
0 1 1 1 1 0 0 0 0 0 0 0 0 0 0 0 0 0 0 0 0 
0 0 0 1 1 0 0 0 0 0 0 0 0 0 0 0 0 0 0 0 0 
[19:12:40] [Server thread/INFO] [STDOUT]: [net.minecraft.world.gen.layer.GenLayer:name:252]: GenLayerAddIsland(-10, -9) 19x19
0 0 0 0 0 0 0 0 1 1 1 1 1 1 1 1 1 1 0 
0 0 0 0 0 0 0 1 0 1 1 1 1 0 0 1 0 1 0 
1 0 0 0 0 0 0 0 0 1 1 1 1 0 1 0 0 0 0 
1 0 0 0 0 0 1 1 1 1 0 1 1 0 1 0 1 1 0 
1 0 0 0 1 1 0 0 0 0 0 1 1 0 0 0 0 0 1 
0 0 0 0 0 0 1 1 1 1 0 1 0 0 0 0 0 1 0 
0 0 0 0 1 1 1 1 1 1 1 0 0 0 1 0 0 0 0 
0 0 0 0 1 0 1 1 1 1 1 1 1 1 1 0 0 0 0 
0 0 0 0 0 1 0 1 1 1 1 1 1 1 0 0 0 0 0 
0 1 0 1 1 0 1 1 1 1 1 1 1 1 0 0 0 0 0 
0 0 1 1 0 1 1 1 1 1 1 1 1 1 0 0 0 0 0 
0 0 1 1 1 1 1 1 1 1 1 1 1 0 1 0 0 0 1 
0 0 0 1 1 0 0 1 0 1 0 0 1 1 0 0 0 0 0 
0 1 1 0 0 0 1 1 1 0 0 0 0 1 0 0 0 0 1 
1 1 1 1 1 1 0 0 1 1 1 0 0 0 0 0 0 0 0 
1 1 1 1 0 0 0 0 1 0 0 0 0 0 0 0 0 0 1 
0 1 0 0 0 0 0 0 1 0 0 0 0 0 0 0 0 0 0 
1 1 1 1 1 0 0 0 0 0 0 0 0 0 0 0 0 0 0 
1 1 1 1 1 0 0 0 0 0 0 0 0 0 0 0 0 0 0 
[19:12:40] [Server thread/INFO] [STDOUT]: [net.minecraft.world.gen.layer.GenLayer:name:252]: GenLayerAddIsland(-9, -8) 17x17
0 0 0 0 0 0 1 0 1 1 1 1 0 0 1 1 1 
0 0 0 0 0 0 1 0 1 1 1 0 1 1 1 0 0 
0 0 1 1 0 1 1 1 1 1 1 0 0 1 1 1 1 
0 0 0 1 1 0 0 0 1 1 0 0 0 0 0 0 0 
0 0 0 1 0 1 1 1 1 0 1 0 1 0 1 0 0 
0 0 0 0 1 1 1 1 1 1 0 0 0 0 0 0 0 
0 0 0 1 0 1 0 1 1 1 0 1 0 1 1 0 0 
0 0 0 0 1 1 1 1 1 1 1 1 1 1 1 0 0 
1 0 1 0 0 1 1 1 1 1 1 1 1 0 0 0 0 
0 1 1 1 1 0 1 1 1 1 1 1 1 0 1 0 0 
1 0 1 1 0 0 1 1 1 0 1 1 0 1 0 0 0 
0 0 1 0 0 0 1 1 1 1 0 1 0 0 0 0 0 
1 1 0 0 0 1 1 1 0 0 1 1 1 0 0 0 0 
0 1 1 1 1 1 1 1 1 1 0 1 0 1 0 0 0 
1 1 1 0 0 0 1 1 1 0 0 0 0 0 0 0 0 
1 1 0 0 0 0 1 1 0 0 0 0 0 0 0 0 0 
1 1 1 1 1 0 1 0 0 0 0 0 0 0 0 0 0 
[19:12:40] [Server thread/INFO] [STDOUT]: [net.minecraft.world.gen.layer.GenLayer:name:252]: GenLayerAddIsland(-8, -7) 15x15
0 0 0 0 0 1 1 0 1 0 1 1 0 0 1 
0 1 0 0 1 1 1 1 1 0 0 0 0 1 1 
1 0 1 1 1 1 0 1 1 0 1 0 0 1 0 
0 1 1 1 1 1 1 1 1 1 0 1 0 1 0 
0 0 0 1 1 1 1 0 1 0 1 0 0 0 0 
0 0 1 0 1 1 1 1 1 0 0 1 1 1 1 
0 1 0 1 0 1 1 1 1 1 1 0 1 1 0 
0 1 1 0 1 1 1 1 1 1 1 0 1 0 0 
1 0 1 1 0 1 1 1 1 1 1 1 0 1 0 
0 1 1 0 1 1 1 1 0 1 1 1 1 0 1 
0 1 0 0 0 1 0 1 1 1 1 0 0 0 0 
0 0 1 1 1 1 1 0 0 1 1 1 0 0 0 
1 1 1 1 1 1 1 1 0 1 0 0 1 0 0 
1 1 1 0 0 1 1 1 0 0 0 0 0 1 0 
1 1 0 1 0 1 1 0 1 0 0 0 0 0 0 
[19:12:40] [Server thread/INFO] [STDOUT]: [net.minecraft.world.gen.layer.GenLayer:name:252]: GenLayerRemoveTooMuchOcean(-7, -6) 13x13
1 0 0 1 1 1 1 1 0 0 0 0 1 
0 1 1 1 1 0 1 1 0 1 0 0 1 
1 1 1 1 1 1 1 1 1 0 1 0 1 
0 0 1 1 1 1 0 1 0 1 0 0 0 
0 1 0 1 1 1 1 1 0 0 1 1 1 
1 0 1 0 1 1 1 1 1 1 0 1 1 
1 1 0 1 1 1 1 1 1 1 0 1 0 
0 1 1 0 1 1 1 1 1 1 1 0 1 
1 1 0 1 1 1 1 0 1 1 1 1 0 
1 0 0 0 1 0 1 1 1 1 0 0 1 
0 1 1 1 1 1 0 0 1 1 1 0 0 
1 1 1 1 1 1 1 0 1 0 0 1 0 
1 1 0 0 1 1 1 0 0 0 0 0 1 
[19:12:40] [Server thread/INFO] [STDOUT]: [net.minecraft.world.gen.layer.GenLayer:name:252]: GenLayerAddSnow(-6, -5) 11x11
1 1 3 1 0 4 1 0 1 0 0 
1 1 4 1 1 1 1 1 0 1 0 
0 1 1 1 1 0 1 0 1 0 0 
1 0 4 1 1 1 1 0 0 4 1 
0 1 0 1 3 4 1 1 4 0 1 
3 0 1 3 1 3 4 3 1 0 1 
1 1 0 1 1 1 1 4 1 1 0 
1 0 1 1 3 3 0 1 1 1 1 
0 0 0 1 0 1 1 1 1 0 0 
3 1 1 1 1 0 0 1 4 1 0 
1 1 1 1 1 4 0 1 0 0 3 
[19:12:40] [Server thread/INFO] [STDOUT]: [net.minecraft.world.gen.layer.GenLayer:name:252]: GenLayerAddIsland(-5, -4) 9x9
1 4 1 1 1 1 1 0 1 
1 1 1 1 0 1 0 1 0 
1 4 0 1 1 1 4 0 4 
1 0 1 3 4 1 0 4 0 
0 1 3 1 3 4 3 1 0 
1 0 1 1 1 1 4 1 1 
0 0 1 3 3 4 1 0 0 
0 0 1 0 1 1 0 1 0 
1 1 1 1 1 0 1 4 1 
[19:12:40] [Server thread/INFO] [STDOUT]: [net.minecraft.world.gen.layer.GenLayer:name:252]: GenLayerEdge.COOL_WARM(-4, -3) 7x7
2 1 1 0 1 0 1 
4 0 2 2 2 4 0 
0 2 3 4 2 0 4 
2 3 2 3 4 3 2 
0 2 2 2 2 4 2 
0 2 3 3 4 2 0 
0 1 0 2 2 0 2 
[19:12:40] [Server thread/INFO] [STDOUT]: [net.minecraft.world.gen.layer.GenLayer:name:252]: GenLayerEdge.HEAT_ICE(-3, -2) 5x5
0 2 2 2 3 
2 3 3 2 0 
3 2 3 3 3 
2 2 2 2 3 
2 3 3 3 2 
[19:12:40] [Server thread/INFO] [STDOUT]: [net.minecraft.world.gen.layer.GenLayer:name:252]: GenLayerEdge.SPECIAL(-3, -2) 5x5
0 2 2 2 3 
2 3 3 2 0 
3 2 3 3 3 
2 2 2 2 3 
2 3331 3 3 2 
[19:12:40] [Server thread/INFO] [STDOUT]: [net.minecraft.world.gen.layer.GenLayer:name:252]: GenLayerZoom(-5, -4) 7x7
2 2 2 3 2 2 2 
2 2 3 3 3 3 2 
3 3 2 3 3 3 2 
3 3 2 3 3 3 3 
2 2 2 2 3 2 2 
2 2 2 2 2 2 2 
2 2 2 2 2 3 2 
[19:12:40] [Server thread/INFO] [STDOUT]: [net.minecraft.world.gen.layer.GenLayer:name:252]: GenLayerZoom(-9, -7) 11x11
2 2 2 3 3 3 3 3 3 3 2 
2 2 2 3 3 3 3 3 3 3 3 
2 3 3 3 3 3 3 3 3 3 3 
3 3 3 2 2 3 3 3 3 3 3 
3 3 3 2 2 3 3 3 3 3 3 
3 3 2 2 3 3 3 3 3 3 3 
2 3 2 2 2 3 3 3 3 2 3 
2 2 2 2 2 2 2 3 3 2 2 
2 2 2 2 2 2 2 2 2 2 2 
2 2 2 2 2 2 2 2 2 2 2 
2 2 2 2 2 2 2 2 2 2 2 
[19:12:40] [Server thread/INFO] [STDOUT]: [net.minecraft.world.gen.layer.GenLayer:name:252]: GenLayerAddIsland(-8, -6) 9x9
2 2 3 3 3 3 3 3 3 
3 3 3 3 3 3 3 3 3 
3 3 2 2 3 3 3 3 3 
3 3 2 2 3 3 3 3 3 
3 2 2 3 3 3 3 3 3 
3 2 2 2 3 3 3 3 2 
2 2 2 2 2 2 3 3 2 
2 2 2 2 2 2 2 2 2 
2 2 2 2 2 2 2 2 2 
[19:12:40] [Server thread/INFO] [STDOUT]: [net.minecraft.world.gen.layer.GenLayer:name:252]: GenLayerAddMushroomIsland(-7, -5) 7x7
3 3 3 3 3 3 3 
3 2 2 3 3 3 3 
3 2 2 3 3 3 3 
2 2 3 3 3 3 3 
2 2 2 3 3 3 3 
2 2 2 2 2 3 3 
2 2 2 2 2 2 2 
[19:12:40] [Server thread/INFO] [STDOUT]: [net.minecraft.world.gen.layer.GenLayer:name:252]: GenLayerDeepOcean(-6, -4) 5x5
2 2 3 3 3 
2 2 3 3 3 
2 3 3 3 3 
2 2 3 3 3 
2 2 2 2 3 
[19:12:40] [Server thread/INFO] [STDOUT]: [net.minecraft.world.gen.layer.GenLayer:name:252]: GenLayerRiverInit(-6, -4) 5x5
45856 187039 190255 94339 76862 
248777 122706 234752 12592 265673 
205312 33072 232228 292897 165449 
243991 110245 51027 278146 256495 
121379 94823 245446 30144 287577 
[19:12:40] [Server thread/INFO] [STDOUT]: [net.minecraft.world.gen.layer.GenLayer:name:252]: GenLayerZoom(-11, -8) 6x6
248777 122706 122706 234752 234752 234752 
205312 248777 122706 122706 234752 234752 
205312 33072 33072 232228 232228 292897 
243991 110245 33072 33072 232228 232228 
243991 243991 110245 51027 51027 278146 
121379 243991 94823 245446 245446 51027 
[19:12:40] [Server thread/INFO] [STDOUT]: [net.minecraft.world.gen.layer.GenLayer:name:252]: GenLayerZoom(-21, -15) 9x9
248777 248777 122706 122706 122706 122706 234752 234752 234752 
248777 248777 248777 122706 122706 122706 122706 234752 234752 
205312 248777 33072 122706 122706 122706 232228 234752 234752 
33072 33072 33072 33072 232228 232228 232228 232228 232228 
243991 110245 33072 33072 33072 33072 232228 232228 232228 
110245 110245 33072 33072 33072 33072 33072 232228 232228 
243991 110245 110245 33072 33072 33072 51027 51027 232228 
243991 243991 243991 110245 110245 51027 51027 51027 51027 
243991 243991 243991 110245 51027 51027 245446 245446 51027 
[19:12:40] [Server thread/INFO] [STDOUT]: [net.minecraft.world.gen.layer.GenLayer:name:252]: GenLayerHills(-20, -14) 7x7
18 4 18 4 4 1 4 
18 4 4 18 4 4 1 
4 18 4 4 4 4 4 
3 18 4 4 1 1 1 
3 4 18 1 4 1 1 
3 1 4 1 1 5 1 
1 18 1 5 5 5 5 
[19:12:40] [Server thread/INFO] [STDOUT]: [net.minecraft.world.gen.layer.GenLayer:name:252]: GenLayerRareBiome(-19, -13) 5x5
4 4 18 4 4 
18 4 4 4 4 
18 4 4 1 1 
4 18 129 4 1 
1 4 1 1 5 
[19:12:40] [Server thread/INFO] [STDOUT]: [net.minecraft.world.gen.layer.GenLayer:name:252]: GenLayerZoom(-38, -25) 7x7
18 4 4 4 4 4 4 
18 4 4 4 4 4 1 
4 4 4 4 1 1 1 
18 4 4 129 4 1 1 
18 18 129 129 4 4 1 
4 4 1 1 1 4 1 
4 4 4 1 1 1 5 
[19:12:41] [Server thread/INFO] [STDOUT]: [net.minecraft.world.gen.layer.GenLayer:name:252]: GenLayerAddIsland(-37, -24) 5x5
4 4 4 4 4 
4 4 4 1 1 
4 4 129 4 1 
18 129 129 4 4 
4 1 1 1 4 
[19:12:41] [Server thread/INFO] [STDOUT]: [net.minecraft.world.gen.layer.GenLayer:name:252]: GenLayerZoom(-74, -48) 7x7
4 4 4 4 4 4 1 
4 4 4 4 4 4 1 
4 4 4 4 129 4 4 
18 4 129 129 129 4 4 
18 18 129 129 129 4 4 
4 18 1 1 1 1 4 
4 4 1 1 1 1 1 
[19:12:41] [Server thread/INFO] [STDOUT]: [net.minecraft.world.gen.layer.GenLayer:name:252]: GenLayerShore(-73, -47) 5x5
4 4 4 4 4 
4 4 4 129 4 
4 129 129 129 4 
18 129 129 129 4 
18 1 1 1 1 
[19:12:41] [Server thread/INFO] [STDOUT]: [net.minecraft.world.gen.layer.GenLayer:name:252]: GenLayerZoom(-145, -93) 6x6
4 4 4 4 4 129 
4 129 4 4 129 129 
4 129 129 129 129 129 
129 129 129 129 129 129 
129 129 129 129 129 129 
18 129 1 129 1 129 
[19:12:41] [Server thread/INFO] [STDOUT]: [net.minecraft.world.gen.layer.GenLayer:name:252]: GenLayerZoom(-290, -186) 8x8
4 4 129 129 4 129 129 129 
4 4 129 129 129 129 129 129 
4 129 129 129 129 129 129 129 
129 129 129 129 129 129 129 129 
129 129 129 129 129 129 129 129 
129 129 129 129 129 129 129 129 
18 129 129 129 1 129 129 129 
18 129 129 1 1 129 129 1 
[19:12:41] [Server thread/INFO] [STDOUT]: [net.minecraft.world.gen.layer.GenLayer:name:252]: GenLayerSmooth(-289, -185) 6x6
4 129 129 129 129 129 
129 129 129 129 129 129 
129 129 129 129 129 129 
129 129 129 129 129 129 
129 129 129 129 129 129 
129 129 129 129 129 129 
[19:12:41] [Server thread/INFO] [STDOUT]: [net.minecraft.world.gen.layer.GenLayer:name:252]: GenLayerIsland(-3, -3) 9x9
0 0 1 0 0 0 0 0 0 
0 0 0 0 0 0 0 0 0 
0 0 0 0 0 0 0 0 0 
1 0 0 0 1 0 0 0 0 
0 0 0 0 0 0 0 0 0 
0 0 0 1 0 0 0 0 0 
0 0 1 0 0 0 1 0 0 
0 1 0 0 0 0 0 0 1 
0 0 0 0 0 0 0 0 0 
[19:12:41] [Server thread/INFO] [STDOUT]: [net.minecraft.world.gen.layer.GenLayer:name:252]: GenLayerFuzzyZoom(-6, -6) 14x14
0 0 0 0 0 0 0 0 0 0 0 0 0 0 
0 0 0 0 0 0 0 0 0 0 0 0 0 0 
0 1 0 0 0 0 0 1 1 0 0 0 0 0 
1 0 0 0 0 0 0 1 1 1 0 0 0 0 
0 1 0 0 0 0 0 0 0 1 0 0 0 0 
0 0 0 0 0 0 0 0 0 0 0 0 0 0 
0 0 0 0 0 1 1 0 0 0 0 0 0 0 
0 0 0 0 0 1 1 1 0 0 0 0 0 0 
0 0 0 0 1 0 1 1 0 0 0 0 1 0 
0 0 0 1 1 1 0 0 0 0 0 0 1 1 
0 1 1 1 1 0 0 0 0 0 0 0 1 1 
0 0 1 0 0 0 0 0 0 0 0 0 0 0 
0 0 1 0 0 0 0 0 0 0 0 0 0 0 
0 0 0 0 0 0 0 0 0 0 0 0 0 0 
[19:12:41] [Server thread/INFO] [STDOUT]: [net.minecraft.world.gen.layer.GenLayer:name:252]: GenLayerAddIsland(-5, -5) 12x12
0 1 0 0 0 0 1 0 0 0 0 0 
1 0 0 0 0 1 1 1 0 0 0 0 
0 0 0 0 0 1 1 1 1 1 0 0 
1 0 0 0 0 1 0 0 1 0 0 0 
0 0 0 0 1 0 1 0 0 1 0 0 
0 0 0 1 1 1 0 0 0 0 0 0 
0 0 0 1 0 1 1 1 0 0 0 0 
0 0 1 1 1 1 1 0 0 0 0 1 
0 0 1 0 1 0 0 1 0 0 1 0 
1 1 1 1 0 1 0 0 0 0 1 1 
1 1 0 0 0 0 0 0 0 0 0 1 
0 1 1 0 0 0 0 0 0 0 0 0 
[19:12:41] [Server thread/INFO] [STDOUT]: [net.minecraft.world.gen.layer.GenLayer:name:252]: GenLayerZoom(-10, -10) 21x21
1 0 0 0 0 0 0 0 0 0 1 1 1 1 1 0 0 0 0 0 0 
0 0 0 0 0 0 0 0 0 1 1 1 1 1 1 1 0 0 1 0 0 
0 0 0 0 0 0 0 0 0 1 1 1 1 1 1 1 1 1 1 1 0 
0 0 0 0 0 0 0 0 0 0 1 1 1 1 0 1 1 1 1 0 0 
1 0 0 0 0 0 0 0 0 0 1 1 0 0 0 0 1 0 0 0 0 
1 0 0 0 0 0 0 0 0 0 1 1 0 0 0 0 1 1 1 0 0 
0 0 0 0 0 0 0 0 1 1 0 0 1 1 0 0 0 0 1 1 0 
0 0 0 0 0 0 1 1 1 1 0 0 0 0 0 0 0 0 1 0 0 
0 0 0 0 0 0 1 1 1 1 1 1 0 0 0 0 0 0 0 0 0 
0 0 0 0 0 1 1 1 1 1 1 1 1 1 1 0 0 0 0 0 0 
0 0 0 0 0 0 1 0 0 0 1 1 1 1 1 0 0 0 0 0 0 
0 0 0 0 0 1 1 1 1 1 1 1 1 1 0 0 0 0 0 0 0 
0 0 0 1 1 1 1 1 1 1 1 1 1 1 0 0 0 0 0 0 0 
0 0 0 1 1 1 1 1 1 1 1 0 1 0 0 0 0 0 0 0 1 
0 0 0 0 1 0 0 0 1 0 0 0 0 1 1 0 0 0 0 0 1 
0 0 1 1 1 1 0 1 1 1 1 0 0 0 1 0 0 0 0 0 1 
1 1 1 1 1 1 1 0 0 1 1 1 0 0 0 0 0 0 0 0 1 
1 1 1 1 0 0 0 0 0 0 1 0 0 0 0 0 0 0 0 0 0 
1 1 1 1 0 0 0 0 0 0 0 0 0 0 0 0 0 0 0 0 0 
0 1 1 1 0 0 0 0 0 0 0 0 0 0 0 0 0 0 0 0 0 
0 1 1 1 1 0 0 0 0 0 0 0 0 0 0 0 0 0 0 0 0 
[19:12:41] [Server thread/INFO] [STDOUT]: [net.minecraft.world.gen.layer.GenLayer:name:252]: GenLayerAddIsland(-9, -9) 19x19
0 0 0 0 0 0 0 0 0 0 1 1 1 1 1 0 0 0 0 
0 0 0 0 0 0 0 0 1 1 1 1 1 1 1 1 1 1 0 
0 0 0 0 0 0 0 1 0 1 1 1 1 0 0 1 0 1 0 
1 0 0 0 0 0 0 0 0 1 1 1 1 0 1 0 0 0 0 
1 0 0 0 0 0 1 1 1 1 0 1 1 0 1 0 1 1 0 
1 0 0 0 1 1 0 0 0 0 0 1 1 0 0 0 0 0 1 
0 0 0 0 0 0 1 1 1 1 0 1 0 0 0 0 0 1 0 
0 0 0 0 1 1 1 1 1 1 1 0 0 0 1 0 0 0 0 
0 0 0 0 1 0 1 1 1 1 1 1 1 1 1 0 0 0 0 
0 0 0 0 0 1 0 1 1 1 1 1 1 1 0 0 0 0 0 
0 1 0 1 1 0 1 1 1 1 1 1 1 1 0 0 0 0 0 
0 0 1 1 0 1 1 1 1 1 1 1 1 1 0 0 0 0 0 
0 0 1 1 1 1 1 1 1 1 1 1 1 0 1 0 0 0 1 
0 0 0 1 1 0 0 1 0 1 0 0 1 1 0 0 0 0 0 
0 1 1 0 0 0 1 1 1 0 0 0 0 1 0 0 0 0 1 
1 1 1 1 1 1 0 0 1 1 1 0 0 0 0 0 0 0 0 
1 1 1 1 0 0 0 0 1 0 0 0 0 0 0 0 0 0 1 
0 1 0 0 0 0 0 0 1 0 0 0 0 0 0 0 0 0 0 
1 1 1 1 1 0 0 0 0 0 0 0 0 0 0 0 0 0 0 
[19:12:41] [Server thread/INFO] [STDOUT]: [net.minecraft.world.gen.layer.GenLayer:name:252]: GenLayerAddIsland(-8, -8) 17x17
0 0 0 0 0 0 0 1 1 1 1 0 1 1 1 1 1 
0 0 0 0 0 0 1 0 1 1 1 1 0 0 1 1 1 
0 0 0 0 0 0 1 0 1 1 1 0 1 1 1 0 0 
0 0 1 1 0 1 1 1 1 1 1 0 0 1 1 1 1 
0 0 0 1 1 0 0 0 1 1 0 0 0 0 0 0 0 
0 0 0 1 0 1 1 1 1 0 1 0 1 0 1 0 0 
0 0 0 0 1 1 1 1 1 1 0 0 0 0 0 0 0 
0 0 0 1 0 1 0 1 1 1 0 1 0 1 1 0 0 
0 0 0 0 1 1 1 1 1 1 1 1 1 1 1 0 0 
1 0 1 0 0 1 1 1 1 1 1 1 1 0 0 0 0 
0 1 1 1 1 0 1 1 1 1 1 1 1 0 1 0 0 
1 0 1 1 0 0 1 1 1 0 1 1 0 1 0 0 0 
0 0 1 0 0 0 1 1 1 1 0 1 0 0 0 0 0 
1 1 0 0 0 1 1 1 0 0 1 1 1 0 0 0 0 
0 1 1 1 1 1 1 1 1 1 0 1 0 1 0 0 0 
1 1 1 0 0 0 1 1 1 0 0 0 0 0 0 0 0 
1 1 0 0 0 0 1 1 0 0 0 0 0 0 0 0 0 
[19:12:41] [Server thread/INFO] [STDOUT]: [net.minecraft.world.gen.layer.GenLayer:name:252]: GenLayerAddIsland(-7, -7) 15x15
0 0 0 0 0 1 0 1 1 1 1 1 0 1 0 
0 0 0 0 0 1 1 0 1 0 1 1 0 0 1 
0 1 0 0 1 1 1 1 1 0 0 0 0 1 1 
1 0 1 1 1 1 0 1 1 0 1 0 0 1 0 
0 1 1 1 1 1 1 1 1 1 0 1 0 1 0 
0 0 0 1 1 1 1 0 1 0 1 0 0 0 0 
0 0 1 0 1 1 1 1 1 0 0 1 1 1 1 
0 1 0 1 0 1 1 1 1 1 1 0 1 1 0 
0 1 1 0 1 1 1 1 1 1 1 0 1 0 0 
1 0 1 1 0 1 1 1 1 1 1 1 0 1 0 
0 1 1 0 1 1 1 1 0 1 1 1 1 0 1 
0 1 0 0 0 1 0 1 1 1 1 0 0 0 0 
0 0 1 1 1 1 1 0 0 1 1 1 0 0 0 
1 1 1 1 1 1 1 1 0 1 0 0 1 0 0 
1 1 1 0 0 1 1 1 0 0 0 0 0 1 0 
[19:12:41] [Server thread/INFO] [STDOUT]: [net.minecraft.world.gen.layer.GenLayer:name:252]: GenLayerRemoveTooMuchOcean(-6, -6) 13x13
0 1 1 0 1 1 0 1 0 1 1 0 0 
1 0 0 1 1 1 1 1 0 0 0 0 1 
0 1 1 1 1 0 1 1 0 1 0 0 1 
1 1 1 1 1 1 1 1 1 0 1 0 1 
0 0 1 1 1 1 0 1 0 1 0 0 0 
0 1 0 1 1 1 1 1 0 0 1 1 1 
1 0 1 0 1 1 1 1 1 1 0 1 1 
1 1 0 1 1 1 1 1 1 1 0 1 0 
0 1 1 0 1 1 1 1 1 1 1 0 1 
1 1 0 1 1 1 1 0 1 1 1 1 0 
1 0 0 0 1 0 1 1 1 1 0 0 1 
0 1 1 1 1 1 0 0 1 1 1 0 0 
1 1 1 1 1 1 1 0 1 0 0 1 0 
[19:12:41] [Server thread/INFO] [STDOUT]: [net.minecraft.world.gen.layer.GenLayer:name:252]: GenLayerAddSnow(-5, -5) 11x11
0 0 4 1 3 1 1 0 0 0 0 
1 1 3 1 0 4 1 0 1 0 0 
1 1 4 1 1 1 1 1 0 1 0 
0 1 1 1 1 0 1 0 1 0 0 
1 0 4 1 1 1 1 0 0 4 1 
0 1 0 1 3 4 1 1 4 0 1 
3 0 1 3 1 3 4 3 1 0 1 
1 1 0 1 1 1 1 4 1 1 0 
1 0 1 1 3 3 0 1 1 1 1 
0 0 0 1 0 1 1 1 1 0 0 
3 1 1 1 1 0 0 1 4 1 0 
[19:12:41] [Server thread/INFO] [STDOUT]: [net.minecraft.world.gen.layer.GenLayer:name:252]: GenLayerAddIsland(-4, -4) 9x9
1 3 1 0 4 1 0 0 0 
1 4 1 1 1 1 1 0 1 
1 1 1 1 0 1 0 1 0 
1 4 0 1 1 1 4 0 4 
1 0 1 3 4 1 0 4 0 
0 1 3 1 3 4 3 1 0 
1 0 1 1 1 1 4 1 1 
0 0 1 3 3 4 1 0 0 
0 0 1 0 1 1 0 1 0 
[19:12:41] [Server thread/INFO] [STDOUT]: [net.minecraft.world.gen.layer.GenLayer:name:252]: GenLayerEdge.COOL_WARM(-3, -3) 7x7
4 2 1 2 1 1 0 
2 1 1 0 1 0 1 
4 0 2 2 2 4 0 
0 2 3 4 2 0 4 
2 3 2 3 4 3 2 
0 2 2 2 2 4 2 
0 2 3 3 4 2 0 
[19:12:41] [Server thread/INFO] [STDOUT]: [net.minecraft.world.gen.layer.GenLayer:name:252]: GenLayerEdge.HEAT_ICE(-2, -2) 5x5
1 1 0 1 0 
0 2 2 2 3 
2 3 3 2 0 
3 2 3 3 3 
2 2 2 2 3 
[19:12:41] [Server thread/INFO] [STDOUT]: [net.minecraft.world.gen.layer.GenLayer:name:252]: GenLayerEdge.SPECIAL(-2, -2) 5x5
1 1 0 1 0 
0 2 2 2 3 
2 3 3 2 0 
3 2 3 3 3 
2 2 2 2 3 
[19:12:41] [Server thread/INFO] [STDOUT]: [net.minecraft.world.gen.layer.GenLayer:name:252]: GenLayerZoom(-4, -3) 7x7
2 2 2 2 2 2 2 
2 2 3 2 2 2 2 
2 3 3 3 3 2 2 
3 2 3 3 3 2 3 
3 2 3 3 3 3 3 
2 2 2 3 2 2 3 
2 2 2 2 2 2 3 
[19:12:41] [Server thread/INFO] [STDOUT]: [net.minecraft.world.gen.layer.GenLayer:name:252]: GenLayerZoom(-8, -6) 10x10
2 2 3 3 3 3 3 3 3 2 
2 2 3 3 3 3 3 3 3 3 
3 3 3 3 3 3 3 3 3 3 
3 3 2 2 3 3 3 3 3 3 
3 3 2 2 3 3 3 3 3 3 
3 2 2 3 3 3 3 3 3 3 
3 2 2 2 3 3 3 3 2 3 
2 2 2 2 2 2 3 3 2 2 
2 2 2 2 2 2 2 2 2 2 
2 2 2 2 2 2 2 2 2 2 
[19:12:41] [Server thread/INFO] [STDOUT]: [net.minecraft.world.gen.layer.GenLayer:name:252]: GenLayerAddIsland(-7, -5) 8x8
2 3 3 3 3 3 3 3 
3 3 3 3 3 3 3 3 
3 2 2 3 3 3 3 3 
3 2 2 3 3 3 3 3 
2 2 3 3 3 3 3 3 
2 2 2 3 3 3 3 2 
2 2 2 2 2 3 3 2 
2 2 2 2 2 2 2 2 
[19:12:41] [Server thread/INFO] [STDOUT]: [net.minecraft.world.gen.layer.GenLayer:name:252]: GenLayerAddMushroomIsland(-6, -4) 6x6
3 3 3 3 3 3 
2 2 3 3 3 3 
2 2 3 3 3 3 
2 3 3 3 3 3 
2 2 3 3 3 3 
2 2 2 2 3 3 
[19:12:41] [Server thread/INFO] [STDOUT]: [net.minecraft.world.gen.layer.GenLayer:name:252]: GenLayerDeepOcean(-5, -3) 4x4
2 3 3 3 
2 3 3 3 
3 3 3 3 
2 3 3 3 
[19:12:41] [Server thread/INFO] [STDOUT]: [net.minecraft.world.gen.layer.GenLayer:name:252]: GenLayerRiverInit(-5, -3) 4x4
187039 190255 94339 76862 
122706 234752 12592 265673 
33072 232228 292897 165449 
110245 51027 278146 256495 
[19:12:41] [Server thread/INFO] [STDOUT]: [net.minecraft.world.gen.layer.GenLayer:name:252]: GenLayerZoom(-10, -6) 4x4
122706 234752 232228 232228 
33072 33072 232228 292897 
33072 51027 232228 232228 
110245 51027 51027 51027 
[19:12:41] [Server thread/INFO] [STDOUT]: [net.minecraft.world.gen.layer.GenLayer:name:252]: GenLayerZoom(-19, -12) 4x4
33072 33072 33072 33072 
33072 33072 51027 232228 
33072 51027 51027 232228 
33072 51027 51027 51027 
[19:12:41] [Server thread/INFO] [STDOUT]: [net.minecraft.world.gen.layer.GenLayer:name:252]: GenLayerZoom(-37, -24) 4x4
33072 33072 33072 51027 
33072 33072 51027 51027 
33072 51027 51027 51027 
33072 51027 51027 51027 
[19:12:41] [Server thread/INFO] [STDOUT]: [net.minecraft.world.gen.layer.GenLayer:name:252]: GenLayerZoom(-73, -47) 5x5
33072 33072 33072 33072 51027 
33072 33072 33072 51027 51027 
33072 51027 51027 51027 51027 
33072 51027 51027 51027 51027 
33072 51027 51027 51027 51027 
[19:12:41] [Server thread/INFO] [STDOUT]: [net.minecraft.world.gen.layer.GenLayer:name:252]: GenLayerZoom(-146, -94) 7x7
33072 33072 33072 33072 33072 33072 51027 
33072 33072 51027 33072 33072 51027 51027 
33072 33072 51027 51027 51027 51027 51027 
33072 33072 51027 51027 51027 51027 51027 
33072 51027 51027 51027 51027 51027 51027 
33072 51027 51027 51027 51027 51027 51027 
33072 51027 51027 51027 51027 51027 51027 
[19:12:41] [Server thread/INFO] [STDOUT]: [net.minecraft.world.gen.layer.GenLayer:name:252]: GenLayerZoom(-291, -187) 10x10
33072 33072 33072 51027 51027 33072 33072 33072 33072 51027 
33072 33072 33072 51027 51027 33072 51027 51027 51027 51027 
33072 33072 33072 51027 51027 51027 51027 51027 51027 51027 
33072 33072 51027 51027 51027 51027 51027 51027 51027 51027 
33072 33072 51027 51027 51027 51027 51027 51027 51027 51027 
33072 51027 51027 51027 51027 51027 51027 51027 51027 51027 
33072 51027 51027 51027 51027 51027 51027 51027 51027 51027 
51027 51027 51027 51027 51027 51027 51027 51027 51027 51027 
51027 51027 51027 51027 51027 51027 51027 51027 51027 51027 
33072 51027 51027 51027 51027 51027 51027 51027 51027 51027 
[19:12:41] [Server thread/INFO] [STDOUT]: [net.minecraft.world.gen.layer.GenLayer:name:252]: GenLayerRiver(-290, -186) 8x8
-1 7 7 7 7 7 7 7 
-1 7 7 -1 7 -1 -1 -1 
7 7 -1 -1 -1 -1 -1 -1 
7 7 -1 -1 -1 -1 -1 -1 
7 -1 -1 -1 -1 -1 -1 -1 
7 -1 -1 -1 -1 -1 -1 -1 
-1 -1 -1 -1 -1 -1 -1 -1 
-1 -1 -1 -1 -1 -1 -1 -1 
[19:12:41] [Server thread/INFO] [STDOUT]: [net.minecraft.world.gen.layer.GenLayer:name:252]: GenLayerSmooth(-289, -185) 6x6
7 7 7 -1 -1 -1 
7 -1 -1 -1 -1 -1 
7 -1 -1 -1 -1 -1 
-1 -1 -1 -1 -1 -1 
-1 -1 -1 -1 -1 -1 
-1 -1 -1 -1 -1 -1 
[19:12:41] [Server thread/INFO] [STDOUT]: [net.minecraft.world.gen.layer.GenLayer:name:252]: GenLayerRiverMix(-289, -185) 6x6
7 7 7 129 129 129 
7 129 129 129 129 129 
7 129 129 129 129 129 
129 129 129 129 129 129 
129 129 129 129 129 129 
129 129 129 129 129 129 
[19:12:41] [Server thread/INFO] [STDOUT]: [net.minecraft.world.gen.layer.GenLayer:name:252]: GenLayerVoronoiZoom(-1154, -738) 16x16
129 129 129 129 7 7 7 129 129 129 129 129 129 129 129 129 
129 129 129 129 129 129 129 129 129 129 129 129 129 129 129 129 
129 129 129 129 129 129 129 129 129 129 129 129 129 129 129 129 
129 129 129 129 129 129 129 129 129 129 129 129 129 129 129 129 
129 129 129 129 129 129 129 129 129 129 129 129 129 129 129 129 
129 129 129 129 129 129 129 129 129 129 129 129 129 129 129 129 
129 129 129 129 129 129 129 129 129 129 129 129 129 129 129 129 
129 129 129 129 129 129 129 129 129 129 129 129 129 129 129 129 
129 129 129 129 129 129 129 129 129 129 129 129 129 129 129 129 
129 129 129 129 129 129 129 129 129 129 129 129 129 129 129 129 
129 129 129 129 129 129 129 129 129 129 129 129 129 129 129 129 
129 129 129 129 129 129 129 129 129 129 129 129 129 129 129 129 
129 129 129 129 129 129 129 129 129 129 129 129 129 129 129 129 
129 129 129 129 129 129 129 129 129 129 129 129 129 129 129 129 
129 129 129 129 129 129 129 129 129 129 129 129 129 129 129 129 
129 129 129 129 129 129 129 129 129 129 129 129 129 129 129 129 